10010010
11001100
100000
11101
110
111001
1111110
11010100
10010111
100000
11010000
11001
10101001
10001010
11010001
1000110
11110100
11101000
1001100
10110101
10111011
10100110
11011010
1110011
110011
1000011
10010111
10011
1111101
1110011
11101110
11110100
11000100
1110010
11101011
1101000
10001001
100101
11101010
1110001
1110010
11110001
11000110
1011011
1110101
1000000
10011110
11101111
1011001
110101
11100110
1100
10010
1000
1010101
100
1100111
111010
100110
10101
10000000
11100001
1000101
10000000
10000101
10011101
10111001
11110
11101001
101111
1111100
11000001
1000101
100101
10000000
10101100
1011101
10001
11000100
1110001
11001110
1101010
1110110
1000000
101100
11000110
10000001
101100
10011101
1010111
10010000
11101110
10010
1101110
11100100
11001100
11111010
1000110
10101101
10111100
10001011
1111100
1111110
1011100
10011001
1101011
111101
101101
11110001
10
10010001
1100010
11
10110110
1000001
10011111
10011110
110000
1010001
1000111
100
11000011
1001111
101110
1101
1000111
11001011
11011111
11001110
1111011
1110111
11111
1010110
11101010
11001001
10001101
10101101
10111100
111000
10001110
10010
11110110
111000
1100001
1110110
1001
10011111
11101001
111100
1111001
10110011
11000
10000111
11100
1100011
1011000
11110100
11000110
1100010
10111011
11011110
11010100
10101110
111111
10101000
10001000
100101
10101101
110101
11011100
1000011
10111100
100000000
10010100
11100
10000010
10011
10110001
10000111
110110
100000
101000
10110110
1110001
100110
101010
1110001
11110010
101101
1111110
11010011
1010011
11010100
10100010
11010011
110101
11100010
10010111
1100
1010110
100010
1100
1111000
11000111
11011100
1100000
110000
10110111
10010011
11100011
1100101
10000110
11010100
10101000
111110
10101000
1010
10010010
11001010
10101011
1100100
1001101
1100
10101110
11101010
10001
11101010
111000
1110100
10111111
100000
10000000
1111110
10101111
1001111
101100
11110001
11011111
111101
1101001
10001111
1001001
10100100
11110010
11111100
10010000
10110101
11100100
1101001
1001110
10100101
11010
1110100
1110100
11111000
11111011
