1101010111111011110111111
11110101111110010101010111101100
11111000001010011011111000101000
1100110111110000110000101111
10000101111010100010100101110101
11001100100110101110010011111011
11010110111001110100001010111011
11101000111001101001000110010111
11100111110010101110010111
1001101010010001010111010000000
11010000010100100101100010
111101111001011011001101000111
1101000001101001001000010101101
11000101011101110101000101011011
10111100110100000101001000000001
11100010011010111101010100001110
11011111110110000011110111101001
100110011001010111000000001101
11010101110000000011111101110101
10001000101000010000000101001111
1000111001110010000011111110101
10111100100101001001100101011011
1110001001100011001101111010101
1111010010100110000101011111000
10110001100111010010101011110010
11111010011100101001111
100010101011011101011010001011
11111101011110111100100100100001
11110100101001000100101010000
10111011111010111001000001010
101110110000100100111110001000
1000001101100100000011111101000
101011000010101111000101110010
10001000011110110101100000000011
10101011011100111111110100101010
1000100110011000001010011111110
10111011110110101111100111001010
10100110000100000101111110010001
10011100001110011010011011110100
10000110101100110110000011101000
1001111111110101011011100101
1101111000111111100001111000011
11110110010000010001010001110100
11100001110000100101100100100010
1100001010010101000000100001011
1110110000110011010110000
1010011110010010111110010010111
1000101100000001110101101111011
111001010101111101110001111110
101110000101101101010010010011
11001100100001111100011101011011
11110011010010101111101101101110
11000111001000101100001011011111
11000111100101000011000110000101
1011110110011110011111111001001
1110110000111010000101110010000
11100101001001001110011010110100
1111110000110111010101001000101
11100001000010100111011001100101
11010110111001011111100100001011
10110011010010000101100111000100
111000111010001110110101110111
10111001001010100100100101111110
11000100011010010010011111000
10001111001000011100001100011000
10100001111101111011101011000101
10101110111010010101101110101110
101010010111011011100010101001
1101000001011001011011010010011
11101101110010011010110111001010
111111101000001000100101111110
10000110100011001010010100111100
1001101000101000001110011100011
1111111001000001110001110000
10111000010000110111101010111101
1000110000110111001111001001100
100000011101010010110011111011
1011000111100000011001001000110
11010010100110001101011000110010
11011000100111000100110000110110
11001110001011100000100101100000
10010110101111110111101110000101
11000110111000001101111110101101
10101000111000111111100101100111
11100101111011011111010010101100
1111011100001100011100100000010
11001100010100001011011111000000
1100000100000100001001111101000
100001010011110100000101010110
111111101111001100111001001
10101001110000000101111111101111
10010111010101010011100001011000
111110000110101101111001011000
10011110011011000110100010111000
10011110110000110111010111100110
10100110010010100110100000100001
11101011101111010001110100110001
11111001111111100001010010100111
1100100110010110010010100111101
1101100110111111001001111010100
10100101111100010010001001001011
10001001110000101010010100110110
11110001111000100010110010010000
11101100010101001100110100111110
11011000110111111011111010010111
10011100110110110111011001011110
11101000101111100001000011111111
1110011000001101101111001001
10011110000001110001011111011010
11011100000000111010010100001001
1110011010100110001001011110010
1111100000010001010010100011100
110000010011010001011110101111
11100101000011111010110010010110
101010000011101010010000001
111110010000000001110101101
1000111000100000000111010010101
10000001100010000111100100110011
11111001101111101100100000011000
1110010000000000010110011010000
1100110001000000101110101100101
1001111100111010100100101100110
1011101001110101010000101100001
11100000101011011101011111110101
11001100111000100101111100010101
11011011111101011101011001011000
10010001001101100000111101010010
1110101000010001010100110101111
11001001100001100110001011100000
11110011000101000010001010110010
100001101000001110110000101000
10101110101101010000000101011111
110111110100010001000101010100
10000010010011100010110111001010
1000010101011001010111010010111
110011011001111001100101010110
1001111110010000000100100000
1010110010101011110110101100101
1000001001001100011101000010001
11101111111111011001101111100110
11100010010100100011000001011
11110000111001011110011110111100
1000100000101111110110010000000
11111101011111101111000101001111
10000001101101110011100110010111
10001000101101011100110100100100
10111111110010111010111000000011
11110011011111111011101111001000
100000011100000001111101101110
11010001001110101011001011100100
10110110111010001110011000
1010000110100010111000001101011
1000100111000110101111111100010
10000000100111010101101010001010
1110001111001101100110111010
10111011001110011011110010001011
11000111011011011010010101010011
11001011000010001010100011101110
10111000001011100101000110001110
111001110100110000000101111011
101010111001010101101110110001
1010100110101000001101000001010
11101111100001100111101100010000
1111101000110111000111000110
1101001010010110101110001101000
1110000000100110110110111100101
1001011111011011111101111
1001001010011111100100110011110
10110011110010010011000011111011
100111101000110001011101000010
1111111111111100101110101001111
11011111110111111001100000100011
10110111010100111001001101100101
1000000000001110000100100110000
10001000010000011100101010001100
1010001111000111100111000110100
111010000011000110110011010101
111000100001000000011111000100
10100111011001001011000101111111
10001000111100111010001110010001
110100110011110111001111111110
11111101000110110011100001000100
1110010111100101100111001111110
101100000101001100111000000010
11000010001000101001010101000111
10011101100101101111011111101111
10000111000001011111010001101011
10100001110000100000100110111100
10110101010100000110001011011100
11101110011110000001111010000101
10111010011001001010011100110010
10110000101100001011101100100
10011110001001010011101101100100
10011011000001001111011000100111
11011000100011000011010011101001
1111100011100001100001000011111
10011000100011011010100101000101
1111010110110111110000011000000
10001001010101111110010010000010
10110100001110101001010001010000
11010100010100001001101000011110
11010110000010001101010011101000
11101010101010000100111110011000
10011010110000110100101010110111
11010110111010001011101001001111
10001100000011100111001010001
110000100000101010001000100110
10111011011000000001111001110110
110011110011010111111001010000
10000010010001000010010001011101
1101011100001110010111110010010
1100111010101010111100110010000
10011100011100111100110010011011
11110111101011010111000001001101
11000100101101100111001001011001
1101100101010011111100000010110
11010011001001100100000100011101
101010111100101011110111000111
11010101110011011111000110001000
11111101101101010000000010000010
11110100101000100101100011000011
11110011101110110111110101011110
11011110111101000001010110
1001010100111100011000101110000
11101101011010001111110011110100
11001000011011011110111110100110
10010111111011101111110100110010
11101111101001000100101111010110
11110111001110000101100100110011
10010100100010101100010101001000
100111000111000001000110110
11001110010001000101101110000
11011111110110101100001000010011
1111000110000000000100100011111
10001001110011111100001001101000
11111111100110001000000101001
10000110000011000001010101110110
11101000010101101011101110101001
10001011011100011110100011110011
1011011111101001111110001101000
1000000010110001111111100110110
100001100010111110100011000110
11111001011101011110001111000001
10110011101011101010101111001110
11111000110100001110100011010101
10001001001111010001111000001000
1010101010110101011100011110001
1101011111100000011101001101100
1011010100100110001101101100101
10011101100110011000100100100101
10110110100001000011011101001
10001111101010111100001100011010
11101101100001000111100111101000
1110101110111000000001110011000
10011111001000000101000101101011
11101011001000110001011011110010
