1111111000100000110111011011101
1001100000011110010111011010111
110000010011000111100000010011
1001110011000101110101010
10111010111010011000111101010011
100101010110101011101010000001
101001010011110010110011001000
11000110100111100100000111111
10001101010111100111100011010100
11110010110000011100001111101111
100010101101110001011101001111
1101011101000101101101100101111
1111100100011001101011010010001
10011001100000001000100100111101
1011000010101100000101110100100
10000010011110001100100111110
10111001100010111100101110011110
1001000101000110110000001111110
101110100100111101111010001101
11000111100000110010100111011000
10011000011111110010110100010000
1011111110000100011101011110001
11001011101011001111111011000110
1000101000000000011011100111100
100110100010010111100000010100
10011111101010001110001011110100
100001111000111111001101010010
11111001001111010010010010011010
11000000101001011101100010110100
11010011101101001010000101011100
10110000001000000110110101101111
11011101100101100011100101010
11010010001100001001111000011001
1111010001010010010000000010011
10010111100110101101100111001011
10110000111101011011101100010010
1010000100100000110110000011011
1110110010000111111000001010011
10000011101111110010010010011000
10001001000100100011101000101111
11100100101011011101000000000110
11000100101110101111100010010000
10011001111101101101100100001110
11001111100100010010111101000001
1111100000000010101011010000011
100011110011010100000001101110
111010111010111001110010011101
10011011000010110000110001110101
1000010001110100001110011001101
10010000000110000011110001011101
111110011110010001001111100001
10101111101010111110101110101101
1001111111111000111100101101100
11010100111101010000111000001010
11101000101010110111111111000100
1110111110110100110110011000000
11100111101110111101111100011111
11000010110001010011010010001010
1011000000000101010111010100100
111101110100011010100111011101
10101000010110110111001001100000
110111110101110100000011110000
11100000100011010001010111010111
100101101000000111011010100001
11111000010011110001001000000010
101001010111110110101010111101
1101111100101010101100101011000
10111100110001100111011011100001
100001010101100111101100010001
10100111111010011010100010011101
100010101000110111100010010000
11000010101010001100100001100001
100000110100111001010110110110
1101100011110100011000000100100
10011010000101001100110010010000
10011101100100100001111110110110
100101011000101100010101101110
10101011100111001001110010001111
1101011101111111111100000001
111101001111101110100110011
11100101100001111001100001001000
10111100010100110110111110111000
1011000101011100111010100111111
11011011110010111110110001100001
101000111100100111111010011
10101000011100111011011000000110
101000011100001100001001011100
10100000010110110111011101011101
11110001010001100010111100101111
1111010011110001000101001100
1110101110010111001010000010010
1100000000001000101011110001100
1001101101101000010100101010111
1001011111011110100101101000010
1001110000100011001111011110100
10001100000110100001010101010010
11010000000001011000001101110001
10010000001111010101100101011010
10001000111111110001010010111100
11001011001010011001010001011101
10010000110111001011110000001001
1001011100100001100001110101001
10011011011010100101001101101011
11101110111110010111010101011101
11001011111111010010000111101000
110100010010101010001110010011
10101111011001010010110111101101
11011011011111111001101111011000
101101101011110011110101101001
11000000010011101110001111111000
11000000010110011001110100111000
1010010111110101011011010110
101111000110011101110110101011
1010100001101101000010111110
10100011000100001110101001110101
1110111110010011110011010111101
11101110010110101001110001001000
1101101010001111001010101010101
1100011001100111101110000011001
10101000100101111110000100101101
1000110010110000011100111001010
1100100111100011010101110100
100110110000100011010111101011
11101000000011101101111100011111
1111001111000111000001000000010
100100100100000100010000011010
1010111000100000110101000001101
1101100110001011000100111110110
111001111100000111111101000111
11011101010001010101110101001111
11100011101100111100010010000011
1101111010111001111010001011001
111011111001110011111110000000
11001010110101110110010000011010
101101011011101101100000111001
10111010101101000010101110011011
1110010101110100110101100000011
1111110110001110000000000000010
11001110001001111011100101011010
1111101010101100101000011111000
10010001011110111110110101000110
10101001111010010011110111001110
10001101101111100001010110000000
100101001000101001001101011101
1001010011000011010000001010000
10011100100010110001101110101100
11000001011011000111010001001
11101110101111011000111011011000
11110101100000010001101101111000
10010001000101110100111101000101
110010110111010000001111001101
11111010000000101101011010100000
11010011011101000111010110010001
10011000001000111010110100011110
11111001000111100110010011100000
10010000001111110100111100000000
1000011110011011101010010101110
11111111010010011001111110100011
11001000101111000010001101011110
111001010011100010101011110010
11101101110110111110000100010
11011001011001101001011000001001
100110001000110110001101011110
11000100110000100010011010001000
11010101000001000101101000010100
11010010011001001001101101100100
1110011101110010101101011101100
10100001101110100011000010111011
11111001110101111100011001111111
10010001010100111000011101100111
111000111001111101111101010011
1001110101100101110110010111010
11110011101011111000001010100011
11001110100010101100001110100011
10111100001001111101000101111010
1011000101000000000011111100100
11111110000011111110010111110101
1000001111000100100111001111000
10001001000010000000100000110101
101001010010100000100011111010
10101101011011111011100001011000
10001110001101010111011111010001
1000001100101011100110011111
11100100110010110101010100110100
1100100101101110110000100100111
10100010110100000011000010100111
1100101001100011110110101100001
10111101100000100110000100000000
10111001101010100110111101111001
11100001001010001011111110010110
11010000011101101010000101000011
10101111001001101110110100011000
10011010100101101010011110000011
11001011101101011000100101000010
11011111010101010100110001000000
1000011010111011100001010101000
10110001100110010100011101000101
1011010110111001111010011001010
10100111101011101110001001011111
101011011100111000111000110110
10001001100000100001110101011011
10000001100010010000011010111110
10000110111111111100010000101101
1000110111011000000101100000001
110110110011010011010111101101
10100010100110000001101100010011
1001110110000010101000011011
10010011000101111100100101111110
1011101011110010111101111100001
10100010110110111111111001110000
1000111100110011010000101000001
10010111001011100000001001101101
1111111100110000110101001100
10111011011001010100011110100100
10110111000111000110001100110101
10101101000000101110000111011000
11010000010110100100010111111001
1000111100001100101010101011100
10000001000010011111011010111111
1001011100110001100101011101
11110111111101111100101111000001
10000101110000111010000101010101
10110001011001101101001001011011
10000110101110101011111110011110
110111101101111001000101001
11010101000110001000100011111110
10001011001100011011111010011001
10101110000010001110101010001010
1010101001001000011111101000
1000000001110001101010010001001
10000111101011011111110001001001
1100011001010000000001001101
1001100100000010000101000000100
11100010001011101111111011001011
10111011000111111010111010100101
1001011010100000101011101
110000101011111000100100111000
1110010111011011000100111000011
10110011010010011010110010101010
11100011110100110001100101110000
11001101100010010100011001001010
110111000001011100000010100111
1001111000011011011101011110101
100010100010110011100000101
11110100100110011011100110101110
1110011101100111110000011110110
11100010111100001000011010001
10001000001100100101110100101000
10111001011001111111000000011000
10101010110011011101010111011010
1010001111011001111111111010010
10101001000100100101111101101011
11010111100001001011110010011
111010011111111001111110011110
100011101011011111100111110011
110001111000010101111110110011
