11110001
10111100
10101110
101010
1000111
11010011
1011001
110100
10011001
1110111
10001000
10000001
10110101
11001010
10010
1101111
1011000
10110001
1000001
11100110
10101010
10110010
11010111
11111
1
10001111
111
1011110
11010000
10110000
100000
1111101
10100
11101111
10010011
11000101
11000010
11010000
10011010
10111111
1100100
1000010
10111101
1011110
11110111
11111101
10110
1000101
10000001
110100
11011111
110010
10010111
1001001
1110101
1010000
10100011
11010101
1
11010001
1101111
10110000
10010100
10100100
100011
1001111
1110010
10010111
1100101
10001110
11001001
10
100110
11001100
1100100
1010000
10000001
1101110
10111011
10000010
10111111
11100001
10110110
10001011
10011011
1010110
11101000
1110101
11010001
10010110
11111010
1101111
11001011
11110100
100011
10000000
10101001
11101010
1011110
11011101
11100110
11001001
111110
10000001
1001000
10101000
1111011
100110
11101
100001
1010110
1111011
10011111
11101100
100000
10010010
101
11011000
10101001
11010001
1110010
10111001
11010101
1000100
11111000
10111000
1110
10001011
11111010
1010110
11010111
11100001
10010101
111110
11101
1110101
10101
11101001
1101011
1100011
1001100
10001011
1000100
10001010
10100100
11100111
1000100
1011000
100
1101
100011
11001001
1000011
1111011
10111100
11110001
111000
11100001
1010110
1001001
11111
1111000
1011101
1101011
10011010
10001010
11110011
11110010
10001011
11101101
101110
1011111
11010000
10000001
10101011
10111010
110110
10010010
11100
1101011
10100
10110111
101000
1000110
10010001
1100100
11101
1011111
11000101
10101111
10101001
10000001
1000011
10110
11010100
1000
11001010
11000
10100011
11010
10001010
11101010
110011
10101
10011111
11100101
10100111
110010
1011
1111
10110000
101000
11101000
10010111
11110110
10001011
11010101
101100
11110
110110
1111110
10010000
10001
10000100
11001111
1001111
10000000
101100
10011100
11011011
1001000
10111110
10011110
1010110
1011110
10100001
0
11110100
110001
1001111
10000000
1000000
1011001
100100
1000011
11100100
10101100
10110010
1001
100110
11011111
11001111
101111
0
1000010
1100110
